101,35
87,73
87,72
87,71
87,70
87,69
87,68
87,67
87,66
87,65
87,64
87,39
87,38
87,37
87,36
87,35
87,34
87,33
87,32
87,31
87,30
87,29
87,28
87,27
87,26
87,25
87,24
87,23
87,22
87,21
87,20
87,19
87,18
87,17
87,16
87,15
87,14
87,13
87,12
87,11
87,10
87,9
87,8
87,7
87,6
87,5
87,4
87,3
87,2
87,1
87,0
86,21
86,20
86,19
86,18
86,17
86,16
86,15
86,14
86,13
86,12
86,11
86,10
86,9
86,5
86,3
86,1
85,14
85,13
85,10
85,9
85,8
85,7
85,6
85,5
85,4
85,3
85,1
84,7
84,5
84,4
84,3
84,1
83,7
83,5
83,4
83,1
82,4
82,3
82,1
80,5
80,4
80,3
80,1
78,3
78,1
77,4
77,3
77,1
74,4
74,3
74,1
73,3
73,1
72,3
72,1
71,3
71,1
70,3
70,1
20,3
20,2
20,1
19,3
19,2
19,1
18,3
18,1
14,12
14,11
14,10
14,9
14,8
14,7
14,6
14,5
14,3
14,1
13,3
13,1
12,2
12,1
11,2
9,3
9,2
9,1
8,17
8,9
8,4
8,3
8,1
2,3
2,2
2,1
0,553
0,546
0,543
0,542
0,540
0,538
0,536
0,474
0,466
0,461
0,448
0,445
0,443
0,442
0,441
0,440
0,438
0,432
0,426
0,424
0,415
0,413
0,412
0,410
0,409
0,406
0,403
0,402
0,401
0,400
0,399
0,396
0,388
0,312
0,306
0,299
0,278
0,243
0,9
0,0
101,34
101,33
101,32
101,31
101,30
101,29
101,28
101,27
101,26
101,25
101,24
101,23
101,22
101,21
101,20
101,19
101,18
101,17
101,16
101,15
101,14
101,13
101,12
